27.545361744727824 64.20524637134316
247.83167024836422 151.34227763205786
122.37292733972266 37.26775390378076
195.3833991847882 73.00141221605425
71.19558784959723 48.60366575667218
45.877285685238355 28.91867969828837
1.8613467077732577 0.6601009426030909
1.413228851422868 0.9313488734534033
119.94309627839543 56.523765257457214
0.8654690303750254 0.3273779800714491
354.06607255476524 125.03942737760543
2.197651233159336 0.8295831273725822
97.58586997451056 68.88702027621565
2.5211812114712693 0.7041109946641854
57.16768907177598 31.344990705668817
93.9240739961357 54.4238953853933
1.5924477341845464 0.7932432074790035
0.02051299992213948 0.5395882623801043
1.5498615883786524 1.360451949541466
0.7122121334976041 1.045408725554402
