42.34745192734238 89.46287950781861
334.6680282164985 143.42248484464756
129.75399879684292 49.02471060092984
198.43050762655707 83.30098302975574
72.25591057745369 49.27485290002396
45.91503781104089 28.151541849195848
1.9007329309876637 0.7119085823277219
1.3979651496479004 0.9278646948221925
95.48472773088595 33.964541896400505
0.7858948837153275 0.22298131028112556
337.20043454056326 116.04850585184037
2.2121100310379704 0.8216637069107917
94.24918857466409 64.31219991149327
2.5263235905173502 0.7414383572606889
57.9673754821226 31.26934979731516
84.41158313595137 48.1313407959767
1.586139288845543 0.7937988075145048
0.020103842125048045 0.5404551678807246
1.5273159252090132 1.3586787375040354
0.7195945197476333 1.047102116192623
