1270.7779505239307 1182.4201784174431
32.61502380263461 85.571487830092
283.61256534855426 208.72842975826808
121.08360838977929 45.48396935608524
192.1935589606555 77.95292153386292
66.32430735634965 48.790459624223764
48.93782126351209 32.8407180738194
1.766261859498409 0.7411794065404094
1.312730605958708 0.9491748150131244
102.02337904459307 41.16539786427319
0.8651501684835754 0.30035573216926936
365.0607014151235 164.14121985571654
2.2772105080591056 0.8157375475230759
106.49434898811384 80.25594488321546
2.5301116840505755 0.750061645427065
58.49212531085068 34.269948928889505
94.47463343995788 60.124915096817865
1.5861912323932281 0.8040388298742852
0.04217849341048249 0.532056121208837
1.453590239859172 1.3603884688594494
0.7927272662249604 1.072481882309932
