24.42419135991421 64.64659751153734
348.6179316499492 149.28829544261257
86.26696155502329 25.646547007832048
150.54651144074802 59.78505555630633
54.27555404708454 44.032965380913765
44.927818011176775 29.811352737536268
1.6229982975881632 0.7172481228086139
1.1630631348568883 0.9471621566698504
127.41136344984035 40.691260756841395
0.8113546239117997 0.24756982997556398
347.48500602946694 151.90095745126072
2.3234736746422944 0.803586210630833
110.15770580229359 87.87730023970481
2.4873986634882996 0.7717636663370239
50.03837193596561 32.91269189331239
98.0051214717172 54.29664920393395
1.543477669485406 0.825213933491874
0.1023879620820122 0.5122581031952093
1.6376721517482635 1.3222014020698947
3.524171718715506 0.8910502693002764
