2.722580439442692 0.799326211017946
453.8125051388424 219.25186994822576
115.92662232818401 16.61445624919268
82.13716617966337 70.03998713749841
203.39797520548186 57.06718007408885
106.86270755347093 21.80240673374909
1.1616812123588345 0.9552923098322902
2.6608811002816077 0.6569981550341709
2.3330146803742586 0.8099704033336185
1.0249521269368436 0.7273278917751311
-0.1455972404328295 0.4379434605909754
75.11646693542181 200.72172760815675
63.546758211665576 43.660393248787045
1.2263535973608901 0.9428568712616856
0.13931194273396127 0.568222978254673
2.7439622061546927 0.7666300936375211
170.89003778352156 79.03290750523806
0.08242795305948321 0.55931301686548
1.1318475731008786 0.7683335353564503
-0.6299453130540202 0.45106254656508626
