44.42316049546677 103.93857409291797
437.82101609618536 205.13262132135648
124.08880783727517 24.585553803226347
206.76935904282695 65.14730195546444
58.68347655732233 47.4964226379536
53.68783417030003 38.290980239670716
1.7661336185174668 0.6784124651087129
1.1252590315522375 0.9243100929178397
120.52698540605277 51.21786898284821
0.7165150235233698 0.2034371042318803
404.66663791469466 182.33883202284332
2.2818918749925317 0.8291734022790718
124.01782919765151 102.69718267827972
2.6773518090593837 0.6360730231711886
59.89087280880314 38.464610163798774
93.95527807923798 76.51528491753982
1.5769849358084769 0.8117211157067115
0.025039072848146614 0.5219164545306595
1.7038442725901972 1.3562292716012605
0.6696219367986966 1.0127741031833006
