1271.6808339043985 1183.0633836077438
32.59474879348089 84.88585242702992
284.2650529981604 208.9873875831907
120.98184835075227 45.40795427744844
192.15506638465214 77.9667808900674
66.33757220743419 48.761911309297055
48.8932626298793 32.76546606691958
1.7654710094333084 0.7406349890866019
1.3128351954767765 0.9492569747525739
102.78202220202539 41.66700272596835
0.7861614761595463 0.2412519997617434
366.45039612432976 164.7325023791819
2.28186723597705 0.8145738247243935
106.83928248443803 80.6804286321612
2.529211592739976 0.7507173402754717
58.46138321227615 34.227645204151834
94.97349119683881 60.54689657767315
1.5860597444857063 0.8040250914879663
0.04175487716876813 0.5320568452503267
1.4624475107871058 1.3598624431099304
0.7867449972967668 1.0688963516593903
