34.14328710734124 87.37524068499188
251.23656122543133 162.15927064386685
123.92649378637628 46.00544574599032
193.17061364663326 80.50443479303536
69.03592538034319 48.40593374616153
46.267837273739076 29.162938684688648
1.8463998423721306 0.7102695284195625
1.3744100148867118 0.9362931434070438
104.0109520609196 42.55217837469416
0.7792765455315415 0.2445531351246385
343.58810884243974 123.02576802063082
2.22691186409787 0.8206197345091422
96.0683214590656 67.92440235540818
2.517196118419009 0.7516974888929028
56.8341320717505 31.62689079563393
88.29536092262929 52.30207748785605
1.5875127192939815 0.7957531967897907
0.03003553198471825 0.5360176478281283
1.4256371950417632 1.3626602019729197
0.819097703114491 1.0825986630115918
