135.1529184227228 111.59867158796632
59.13235332466105 46.99976746129173
82.12289173429257 70.11886227236576
180.78788936826373 80.61016652707971
1.2871128722938094 0.9637453165708713
453.60092954587714 218.781861861952
115.92143055108615 16.612581661372793
147.48349735894192 163.74106454821393
106.8822196109309 21.788294009027
1.2261882325984426 0.942427002969336
183.74512058676711 75.32535770916473
3.6500774921174015 0.7083960988677533
0.13134451891582027 0.4494751939167134
63.574946543202934 43.74543752950529
2.3324217444560156 0.8103526464992974
-0.7761150613634175 0.3487044065192118
-0.048240676845956815 0.5659880540699961
62.98686028026666 49.745285830235325
0.7198598567483318 0.5098798842409669
-0.6301754126220798 0.4507916377278873
1.7817520338561312 0.904309298504518
2.661038189659526 0.6564982551479891
386.5784727511156 434.4403614389089
110.70437748671738 98.54391743858395
