1565.2321594493526 1237.0913942236875
13.379330930170628 54.95738957123326
230.62181157487453 288.44953309189526
86.64531923237814 29.44278682627182
176.5371225697456 58.142609083089134
46.52498512151983 99.02660731682113
120.37683709182737 143.82926963241354
1.0066289414885576 0.8810710270377806
0.6183919768849396 0.8663534190804768
105.09277140260448 35.365775143039514
0.48646487562001484 0.4579783887969708
1148.7519855653677 1100.5227668124369
2.7728370669485303 0.5912308869722473
477.1765171114155 506.4703192501115
2.459865456272196 0.8743460852077282
148.38378093401823 192.6595039855558
65.14837653847785 80.30808790723287
0.8952806192950548 1.0057366955995664
0.10179332484297483 0.4867741432775897
0.9571667653369331 1.2864549075665184
2.0522384889558976 1.8702030002887404
