134.966794969096 111.3600776410698
59.12951279440071 46.9480350766618
82.13716617966337 70.03998713749841
180.85323557038558 80.74883830572946
1.2861533341006646 0.9636160376743721
453.8125051388424 219.25186994822576
115.92662232818401 16.61445624919268
147.52256473509345 163.79575356720412
106.86270755347093 21.80240673374909
1.2263535973608901 0.9428568712616856
183.63568743499536 75.27763824810725
3.649615227384983 0.7071440557244878
0.13168256953404847 0.44920430536986966
63.546758211665576 43.660393248787045
2.3330146803742586 0.8099704033336185
-0.7756687432134028 0.3495145473106163
-0.04856344353256571 0.5660431864248491
62.985175254957085 49.46688984669864
0.7191133873557229 0.5099564943508723
-0.6299453130540202 0.45106254656508626
1.7813193919362604 0.904357385940667
2.6608820206499106 0.656979307908809
386.25955117794683 433.0737111938439
110.63870506823119 98.64181700109341
