0.3678814404459451 0.3687356199644819
451.0306882233564 201.31544265409946
90.48102336199993 74.20735397544638
161.96943460834564 99.93197079149267
115.46404805760478 16.554304627801375
0.6002552900230912 0.35566006448927245
57.312318576914436 41.54954184136988
254.8019396764797 176.50044821136177
0.8251036654997612 0.32684342924717474
106.38118854622901 21.44323459134743
16.303333908766074 19.930847428255984
52.869830754038844 45.42057661934492
0.9713247631201581 0.23864615991360322
82.5516901394621 68.91113449996237
2.6912357877815936 0.6426956204828191
71.8743154190329 18.66832300912717
182.48370767601918 80.73378993574113
1.0458446170278533 0.9233549771963673
0.18949187538065285 0.48976604637532273
61.91776382084921 41.50639695230849
