86.8508583917585 217.15621316118686
328.63259627292763 174.61823497357915
108.49749325402587 35.26808330265872
180.6102611672942 68.42674368842975
67.22685445153229 47.02570264298097
45.78247361312783 29.602352041305323
1.6975139297467319 0.6620635826576944
1.4162999209853875 0.9449574748270283
105.60579218731975 44.38405362067518
0.8582143819812137 0.3078869249858001
334.1308063892022 124.47410534442557
2.2383957918045247 0.8136330098959444
97.37319069972628 68.70934930054733
2.435500728192426 0.7671072178322833
55.32667492026082 31.21657852452785
89.37147162449524 52.87313715782191
1.5834587073170123 0.8027056319287268
0.052539415218893715 0.5277090219146474
1.3975365541820448 1.3637251519748586
0.8415837549846612 1.0917612816295081
