2632.937513088412 1731.0360943997043
10.365249796635474 44.694874560187074
206.6721310001968 275.36870648123266
77.89774569744924 20.772356429130276
173.64232506868436 52.51365024512581
56.076917464628764 162.9615821688602
186.27809452797075 237.82464785985633
0.7447439742409792 0.7781802715845796
0.5493642354511591 0.8680257899764479
135.0361300140102 33.92126056668622
0.4027054684927857 0.47409763229855356
1756.7854684473452 1645.0412242418536
2.8150157638116053 0.5947606338438053
788.2335351060507 783.0475448615731
2.241865832328059 0.9617334053059624
247.4312074401536 322.98203061196665
58.489132958576995 83.55245140881073
0.7157195381536748 0.961560853522351
0.12527325325864067 0.4842706080111381
0.8116642590658509 1.2383466483188998
1.6696838373288836 1.8841539596648076
