73.81715315925446 61.466541687662684
79.04885715955356 58.559149077992465
1.9494673824890092 0.8596593330231549
304.03146779842115 172.50283657884685
0.9390315473065532 0.24506302567550148
57.60897423071758 25.797816587041734
123.83499282340588 24.09163610470888
210.03675752081114 65.45545031513552
57.40854334325205 43.1351645607929
57.12108925570769 47.78947226930595
41.95358893986283 100.70925540164211
120.26672195239513 49.826555750349954
177.97877029711708 83.21115336607191
111.58019126306753 102.9257421644847
2.032704423932877 0.8983700994586011
0.7335120360398977 0.5274739720981788
1.7764160024632958 1.3411727522446955
0.665758721104611 1.089633839519845
0.6231646605618055 0.9885967980481954
