38.01916265220317 105.01910422662462
325.26177881960643 145.35411399911277
134.1468481423932 35.71434402890717
197.8609587339441 89.98223914847252
61.96517791206558 49.71140506583885
49.9061944120129 30.6831575536971
2.205096750939274 0.6958989448980526
1.1575717034449116 0.9223008792346574
83.82856146622186 30.753531033220252
0.8312182898068199 0.28262972051553253
329.1045138777466 124.51849363536594
2.3102615579572783 0.8152407449445624
92.19915249490663 69.18230590568231
2.8250762772945808 0.5930063073500914
58.01405018339351 34.8909843710031
77.26209005013563 46.67483942603333
1.5579203111901505 0.8155857667413109
0.019116543106987308 0.5387577752074649
1.4750130297077337 1.323878839510053
3.4864831816541715 0.8716766216268623
