1044.7203159017647 678.1304684693397
31.72930659464514 79.62339638920072
262.3708534283468 186.47024897588742
123.08335212465799 46.53854645076243
193.11561397541007 80.00621709273751
70.55101165736983 48.84542331881601
46.78736711446687 30.181322813478598
1.818651943630175 0.7258631406673779
1.3904114209684229 0.9382070619538582
104.08512122306826 42.263076328409824
0.7886186978454196 0.23827404044321335
352.9864193959352 142.68042109621695
2.238550516190948 0.8192296765928132
100.10714901062838 73.47946362002176
2.4941853913535605 0.7561145807302582
58.02572261774967 32.55911902453886
90.97187593649504 55.80378317907111
1.5880298724443853 0.7981764716671824
0.033076609631743754 0.5383175903626752
1.5266898186500635 1.3599539994618042
0.7309384910080777 1.05430352541227
