44.92345670327643 105.36564637019879
436.20590969253635 202.00433937193756
124.07879939188838 24.550672188586276
206.87274855345711 65.0845564062189
58.66008692151307 47.5206155975918
53.69237104106942 38.33255786733149
1.7649245292398261 0.6780132878273416
1.1243315837147734 0.9242690858097348
119.67147169575314 51.00263492410961
0.7821372443027537 0.2686526249337358
401.8654976473824 179.1628378155618
2.2758217710581286 0.8305265134937159
122.98770715682255 101.36045928112537
2.677253212762026 0.6357127610957786
59.963445076614235 38.60613459361857
89.71882598422722 70.51634174176039
1.5755264115325043 0.811678306848184
0.02499853590844411 0.5215970890348284
1.4896164418068798 1.3419902961716734
0.7388987769063784 1.0541906437560842
