2092.5116960583987 1281.713012320081
80.69935761116419 199.31692119955102
326.7180613921963 174.8017606490425
107.99822757059889 35.69206766578569
180.08105038405245 68.4136566650628
69.85981576371728 47.1069965085131
45.063664612609784 28.879923041259207
1.6948159713472954 0.6609468243963317
1.462000337428168 0.9386658891613892
107.13508905014146 44.86764923254313
0.7870724854048351 0.24128174554187762
333.9698324566974 124.89271070504844
2.2319548426589995 0.8133827446525619
97.09247542958018 68.60698042206604
2.3992512224181115 0.7701430394532777
55.608296975738554 30.752143216685784
89.64497363180324 52.812610228081795
1.5838404154512715 0.8017609807571411
0.05101585875857904 0.5311461626336988
1.500134489854906 1.3628987185038723
0.7529334744792963 1.0645678059260313
