1567.050933061773 1238.8972683822901
13.595662615022304 56.11627748510027
229.97805171738588 287.8230794067268
86.67771879830678 29.460625275832612
176.58689204541616 58.23350631270451
46.57769673729696 99.11363818353723
120.40632874459942 143.74081912715454
1.006848742749363 0.8820864593306869
0.617951789053906 0.8659114746257071
104.5405211189579 35.273301194476794
0.4972790249819055 0.47828160331783603
1148.92319348508 1103.1933779776173
2.768565078589818 0.5965360739452679
477.4983820025774 507.747168767124
2.4594454395032774 0.8746144429296964
148.69040236270888 193.1912015840847
64.76034614573521 80.23185517491612
0.8950275283344136 1.0056477020182315
0.10121861270587029 0.48699216210121776
0.9678002872410905 1.2889983532922575
2.0618168167459805 1.8749241539925094
