42.41739652675311 102.01851324519397
123.83674058438982 24.056488810361277
57.41206508115632 43.17805053147126
827.2309027688345 665.5010403783219
57.07117119780016 47.72345561736092
210.12458684244052 65.3940706225425
119.44740361773607 49.59302209108091
430.15487400335644 195.48738175119553
1.7002979288483617 0.7002664941195763
459.69705568245166 221.91023522386962
1.018192948388983 0.8723194327204133
0.7939334510482372 0.2678510442122668
73.76195193350047 61.37067441287301
0.6894668383773342 1.031168621187315
1.5437135866065679 1.3326790761393121
0.8730714745653574 1.2625033549494633
