58.34534575392693 47.33531046288218
76.02248068847322 203.03950956691952
107.9510220558859 110.87928751371801
82.68459136816921 73.75666154867956
433.8575994263336 195.26798712185396
205.2813177753897 63.71274476373494
122.70794214042958 23.507319020776098
0.14849166192734167 0.4595473440988656
2.1752811901890268 0.9001669785908021
1.756308422918222 0.672416007700217
53.48434689764315 38.174053572612706
127.1546223037129 69.18386515426046
2.2639752431607323 0.8272066396584684
0.6476138140738532 0.9462279165189045
1.6912566263200404 1.3563207185363655
