79.60104067234761 195.75501640000567
322.3429514784531 170.48075706243972
108.25613389852468 35.90264977348754
180.25962037388263 68.7352069362297
70.65010292707221 47.23969896067188
44.846158466451364 28.498865774041658
1.700541981643408 0.6598817899564338
1.4734717554933001 0.9366770354580255
106.53903877071367 44.031237798544964
0.8683909333951575 0.3036734675815546
330.4150277286694 119.10890826150106
2.214967105556935 0.8160122261011757
96.28036037733774 66.82672785681129
2.393111029304016 0.7710620473440389
55.60331230271271 30.46629678618662
88.89605605569072 50.9474942771343
1.5849274159868678 0.8014363785704309
0.05116681882094003 0.5316878334474604
1.5328596105346268 1.3601999825052442
0.7178424961782018 1.0474051187152749
