45.167579026188136 99.76999139867729
339.2711635316893 146.8148234861807
128.94607405506315 48.20514714575249
197.4984435999063 82.55330811492162
69.00233550334868 48.90466363672974
46.70789671631778 29.289175468419728
1.889669724834377 0.7133343761130363
1.3517022866182469 0.9329319929980907
94.37312975227289 33.88476228630654
0.8616348835890474 0.2875174531805955
338.0940655834611 118.83404950600676
2.225131024987073 0.8207510317452769
94.51442298257594 65.22809561665103
2.5561456409605494 0.7344502089242357
57.51089022470238 31.889119795266563
84.35946402912256 49.03970385597772
1.5845525714207738 0.7950589736923709
0.02401572981738989 0.5367124378293294
1.3980023756285038 1.3621214513568367
0.8356181867092596 1.0890555812764537
