0.36679413520575554 0.3681840650062647
451.3292055657822 201.3649649876687
90.42149330627396 74.23668646686383
162.0612193135726 100.01078300218758
115.46303828113277 16.559173374616677
0.5996436337101017 0.3557790644327696
57.36501067581054 41.612227712815624
254.88908922785762 176.74096677224196
0.7416221804258367 0.2630767610349043
106.37872429463476 21.442715901034017
16.310451831405913 19.986825480550067
52.89400707044343 45.48885447437302
0.8927952945501755 0.20242955792592704
82.57600858950049 68.86126208159632
2.6912719852609523 0.6429169270135089
71.86343976709675 18.662023358655397
182.43274997465446 80.71654364908764
1.0444867392536057 0.9235075447310352
0.18945951280423495 0.48963587801957137
61.931900480499465 41.49197183974806
