2.7222116274437447 0.7997546834220394
453.60092954587714 218.781861861952
115.92143055108615 16.612581661372793
82.12289173429257 70.11886227236576
203.4196707786955 57.13125433169189
106.8822196109309 21.788294009027
1.1623937947832883 0.9550965664152257
2.6610366455117718 0.6565167516824091
2.3324217444560156 0.8103526464992974
1.024799953745234 0.7269460456950735
-0.1452213626860878 0.4382805433293993
75.05585497824286 197.2803876467343
63.574946543202934 43.74543752950529
1.2261882325984426 0.942427002969336
0.13988096388631815 0.5678876435686891
2.745124244631454 0.7665052635092131
170.87615333255295 78.9586519060676
0.08223782322499881 0.5590562856350549
1.1325761119247015 0.7685932255803677
-0.6301754126220798 0.4507916377278873
