800.865048221092 615.7183986273052
0.632515283545101 0.3429298428111127
64.06714871210748 48.286909111777994
444.9242776820173 207.20195956807135
494.19232447003117 229.67994330657666
115.81689479003546 16.205099415606195
1.0392754657790997 0.9115627932460645
15.080336561078417 19.469940648217108
0.26153820712547854 0.3219908234968762
2.7093594398811485 0.6509242345055373
0.5360898431348752 0.32373799450570834
192.89965074006193 83.7090257498319
110.049758645231 78.7102065790671
1.4896748594645168 0.6609803532894981
