34.16031215064604 88.06933776788091
250.50144007079157 161.46395534893978
124.03441989719663 46.082257551540806
193.20000635281323 80.48253497238738
69.0224081433348 48.433774041381035
46.30227063086553 29.22991833479279
1.8473162333485627 0.7107351953533552
1.3742277985380378 0.9361908168174429
103.19981709457382 42.04560325409195
0.8586917369366435 0.3055151195834273
342.0439709473068 121.52720644229967
2.221854440350854 0.8215074455526565
95.67654046773298 67.21482744473685
2.518431849482103 0.751169631622465
56.86814054365645 31.664985120688808
87.75250036666438 51.63978262968798
1.5878334428994596 0.7956032108031922
0.0304902694333343 0.5360199104753675
1.4163786752208394 1.363049171981376
0.8255171802086806 1.086181211808448
