73.76195193350047 61.37067441287301
79.09235097537689 58.55034759435004
1.9448909322919419 0.8608532334483776
304.09755180236266 171.51398067238077
1.0597716405746251 0.30517847923299485
57.603975629688414 25.782432530237763
123.83674058438982 24.056488810361277
210.12458684244052 65.3940706225425
57.41206508115632 43.17805053147126
57.07117119780016 47.72345561736092
42.41739652675311 102.01851324519397
119.44740361773607 49.59302209108091
177.25865604819833 82.55438003179067
112.06027837230964 102.81437076758993
2.028921684026769 0.8992164584976508
0.7333700661757414 0.5273276537400351
1.5437135866065679 1.3326790761393121
0.8730714745653574 1.2625033549494633
0.6894668383773342 1.031168621187315
