1.6162053094893678 0.6396374029935925
56.47148413402426 41.03015484055437
16.877400750712244 20.640033423145237
454.8632791699543 207.63341827026937
0.8525262038983723 0.20336816181084033
115.59393487392985 16.771141466218175
55.39589856922676 46.35449100201916
1.9088025999983893 0.7880312988170598
1.0177511705582771 0.8575744248303756
185.4948824641867 74.55850965754058
3.4829642797064335 0.6077156613057901
0.7132832582517846 1.0439888601259513
1.4748502059013398 1.3315886393379939
1.316601567506974 1.0943665255167003
