78.93305797463888 193.84528331516768
322.9687177653304 170.91077091559328
108.16798084271787 35.8629475173925
180.25354119456995 68.7669856045628
70.68800662346311 47.22979991499075
44.81029395911523 28.402090507697704
1.6995899009126838 0.65932256880059
1.473766408233691 0.9364151756140107
107.32853135671769 44.56649726762667
0.786604315776038 0.23569996246804714
332.0146234176819 120.94373184824035
2.21983364616645 0.8154388577050783
96.78208181758964 67.58098085101385
2.391483853942694 0.7710390697749792
55.6122960930092 30.455064157653883
89.47034536111855 51.750953926135814
1.5845900091185467 0.8014785848948192
0.05055647485233932 0.5315647223311591
1.5395874344969085 1.359067721608223
0.7150474579717377 1.0455413766605954
