28.91863621349898 65.49026462865277
240.96834925958743 145.5302192287255
122.36878729931664 37.84350366482154
194.57727541662206 73.6567287142367
73.14050818916964 47.838478485038486
44.88909713383427 27.74130472095347
1.8801262861826116 0.6538672431274185
1.450504528787096 0.9211236360672933
123.68499215555016 58.99086160908314
0.7640773094544222 0.26812319640686094
350.9652501157094 120.07251270857411
2.1671235570264797 0.8293625044390092
93.86840832422345 64.29047040830478
2.501124634824141 0.704523297395058
56.88264092491658 30.59344190227948
92.58295695796716 52.20628746712814
1.5917598133268194 0.7895679606443418
0.015469420293716252 0.5435391438492782
1.6341274449159562 1.3467079374087196
0.6515481164397381 1.0173974769421892
