1045.535463644877 678.7930454865326
31.607411908073168 80.22655898601086
261.5857400823709 186.10034331929086
123.2196120257168 46.60450240669621
193.12408375538496 79.95300713127753
70.55407189904336 48.87270754439671
46.807951700552266 30.21053324755417
1.8199878388490294 0.7264922025657157
1.3904882432191048 0.9384135798499964
103.41772447427836 41.731288204976686
0.8674706179508078 0.3044958987455008
351.58142386726865 141.37715404716968
2.2330116036500733 0.820373765625901
99.638904360204 72.77319958170837
2.4953939186246172 0.7554922261041185
58.04899855071199 32.54563701532537
90.44535796815654 55.07627439675819
1.5881856202488613 0.7979197079636609
0.03315030732961465 0.5383537797643272
1.5198638627776258 1.3609607973761437
0.7348051550512147 1.057047456354905
