1922.0328286131876 1043.9817626912197
44.11347523818714 97.73069891465761
354.6054905433465 175.6374620718291
128.53564545513498 47.61725055388068
199.07306222837067 82.56461994665763
68.30414786721494 49.32633739038916
48.34718486393377 33.110405171240785
1.8594400682464436 0.72664159639429
1.3289000857230122 0.9393985525451118
94.63155775297679 33.870277043009644
0.7827617080626443 0.23681641697362793
352.81742078032863 152.31135716602049
2.252111209844849 0.8189561504628361
101.38965662757622 78.58913004912031
2.5589343736356533 0.7361223059441776
58.90226150618101 35.257932959980835
89.48912931553768 60.401234707163866
1.583860350255853 0.7984119334689065
0.026508304364762567 0.5359315937840248
1.4178303899914164 1.3607617810284627
0.8203913662393298 1.081827648613649
