1977.3939915979086 1490.4940986377437
13.639222487667642 62.8870514614811
269.3721141775871 337.3059411039388
122.56601237888712 23.948199709196246
258.14212918348335 95.15698988466376
84.00661976697455 229.00998084790783
150.52379954325073 183.8720217135386
1.0251673361106715 0.8598064816662234
0.6861172307909754 0.9526397743794909
91.93841846401183 22.684703785987214
0.44213328096865745 0.4629973965276958
1299.591479165113 1208.093758585731
2.8587939792654353 0.5376311949318344
562.1603222235809 565.2470875319628
2.618327019056004 0.859224967145736
220.01528029358678 305.7151489474593
72.00137774237776 102.18022317962804
0.7937864127833114 0.9890976890060046
0.10279743229633156 0.5203145793468028
0.876078218031251 1.2570566847684055
1.8401426542146462 1.8898992663923126
