28.70968972215453 84.09136938388208
278.7564428642821 178.78278678453225
106.94823133756952 36.44022698482497
169.45780031123857 77.62309240802624
53.91642108725031 45.79530931084155
48.21907424974853 34.110050891820244
1.9004938212348053 0.7785897729494737
1.112375187084067 0.9340915870726615
105.408043915732 44.726441674222244
0.8105684358455841 0.26525043517003327
350.40297861452206 169.68775171284483
2.386272928027638 0.7845541522698664
103.99356474913935 89.08141725565991
2.6982906369913655 0.6785008422517373
54.782802790112235 39.49654412174491
89.90246718819625 62.52870322658812
1.5494273083504249 0.830845473594405
0.07233143992784401 0.5232142031064694
1.3899002495194717 1.3263015078490379
3.4073173275627897 0.9339300770054427
