1922.1729461752361 1044.0686038163642
44.228169080561216 98.65794225531882
353.61785675296863 174.5282475474666
128.60685731100992 47.69315012926619
199.08106931176295 82.55774248585145
68.29689424009328 49.33391475314134
48.39789696942747 33.2168888300011
1.8597943871127145 0.7270805784371812
1.3291810258987382 0.9392824477610727
94.28650829784127 33.58575447736319
0.86427853592999 0.2854932165452245
351.5998840468801 150.94670101271944
2.246202451777095 0.8204588622941202
101.09596499867538 78.04801078674413
2.55998805616623 0.7355649289797929
58.948863127560564 35.259149605622504
89.18232861813286 59.93421046750324
1.58414994060311 0.79783143046403
0.027104579653467527 0.535967673280635
1.4116931613521466 1.3610845152342848
0.8237571654018244 1.0840825556327436
