30.600659181552473 66.54065497612321
327.46672355680926 215.5784146055876
121.58296273401704 42.70161843207822
196.6669267378822 78.16790277695995
63.32848108802588 48.92847828036741
50.92012441338205 35.57245700729695
1.7368888303982 0.7310263486641309
1.226927766633479 0.9446416141750107
121.83277595326773 68.24280264444337
0.7638199873252434 0.2839437977911829
389.4907614615881 177.2097097678325
2.2590367632357324 0.8255796097503534
115.69803618741521 96.17612151180244
2.5569213268188666 0.7395420270352674
58.657741098196645 36.63927065669861
86.75826226980526 69.68164877749211
1.5761109296593458 0.8080849957006476
0.0443505122126174 0.5266973899072006
1.5281638982248371 1.339211555186631
0.7147181561809068 1.0416461194887094
