2090.4346975614667 1280.780474269393
43.10561367608111 92.10134863298391
339.2345517501541 151.1805711702953
129.44792413290463 48.76185733106237
198.3637893539584 83.03700845320957
71.44274512239564 49.16453242936105
46.37362020449411 29.27248799871824
1.8928391712058439 0.7143641340422
1.3871668662495733 0.9298547463494826
95.01823923558872 34.12824324421263
0.7867266295008231 0.2300716478126616
339.89422857034043 123.86499740510341
2.2241980251827003 0.8195970821887365
95.06402951040182 67.15983040783586
2.5317745323482437 0.7399646160523157
58.104734321292675 31.98533878014672
84.97853431472835 50.8788060024835
1.5852174655523936 0.7946365662979221
0.021193495816743048 0.5399536655154151
1.492314447766815 1.3617745706813276
0.7541576978893748 1.064539622006925
