42.19122366621871 90.02133165759784
333.67101820346056 142.49378354448075
129.87078468900935 49.05324642303196
198.46502576783905 83.29663658752227
72.246215680532 49.336449084865876
45.99815237622833 28.307579536504534
1.901235730722003 0.712250725690661
1.397953750703675 0.9280451114711689
95.24937400588179 33.63014046887192
0.8708333445489452 0.27863007760381103
336.2282125167523 114.63015035544905
2.206397054209118 0.8226058335193245
93.94262142680381 63.71816284667907
2.528443060973867 0.7409714175312875
58.019859727969056 31.347495330720108
84.17279011923871 47.538333256072136
1.5863682946246425 0.7930562486742484
0.020882165378610096 0.5404934833279227
1.5237612643792355 1.3593682163125886
0.7190090115033885 1.0474327061524271
