57.312318576914436 41.54954184136988
115.46404805760478 16.554304627801375
16.304072586726623 19.930996841154318
52.869830754038844 45.42057661934492
203.61986107567432 55.89078491883969
70.92422232302985 60.147598044020256
2.6912357877815936 0.6426956204828191
3.6613517831285827 0.718509003846794
106.38118854622901 21.44323459134743
-0.59729488963976 0.4688709190714553
1.057614071748019 0.8959646420512362
68.28087128546682 59.91905493089074
75.86182107096866 56.15120502317473
0.18949187538065285 0.48976604637532273
0.6677694007648383 0.9599256298677554
0.6436479663323506 1.0744215461792561
