2092.235279712548 1280.9299249935375
42.93663132219107 92.55087383021873
338.2362125352176 150.36259582906396
129.57559753203458 48.806627536007326
198.4411530682336 83.04696134593776
71.45290720191532 49.21679530993815
46.42865416094931 29.395018652159706
1.8936423000383868 0.7147182747206688
1.387493998431605 0.9300929981039084
94.80293108739275 33.81757347988403
0.8680194164865962 0.28598335025654437
339.0214468200659 122.75003540515462
2.218462742486525 0.8206633268659836
94.79683217276218 66.65432130019308
2.5334507259260914 0.7391297723271611
58.18238211311756 32.08598774661828
84.76587347333717 50.39607485426463
1.5854996958593464 0.7939310258135437
0.021466984510623264 0.5399612950334306
1.4878368249152865 1.362606417341139
0.7556933132644401 1.0662093618992994
