439.99672550657925 194.77348366683535
55.35021140587011 46.091926721551346
16.41250974384368 19.79191555699179
106.46631526711268 21.510223847474442
80.8097852564862 66.50482380943563
386.50284597886076 173.62490042427345
115.52349277375039 16.64621728056424
55.762666754021254 40.43224072217532
183.82566597231613 74.46737558304977
302.9244152908848 136.3208357818155
1.0583815589880543 0.8964762114020784
116.08244007187906 94.50807748535765
180.06643537354023 79.69365971728809
1.2314491828785323 0.9483348034577266
0.6105945016787012 0.9330096280544062
