1.6174842560357152 0.6403722901179754
56.4394605724783 41.01225958387603
16.691508804019875 20.54926704532104
456.87235712239755 210.32211199865046
0.7541745941679265 0.1872276676792053
115.59781575037867 16.76063751531454
55.41716472016403 46.39081654382304
1.9098454470223836 0.790065157836405
1.026805043550374 0.8633386575644433
185.59231267454066 74.65870402815821
3.4825173332267925 0.6069060358346028
0.6431827974760502 1.0035193807228757
1.7229870674135417 1.3505919053608664
1.3720529816960518 1.0839144034774524
