1984.141624516513 1496.5560658743573
14.03007829627603 63.8096290258944
269.4368677606032 336.70691490381773
122.54585248281346 24.01558542822502
257.6883758177259 95.04471439300387
83.57882988934192 228.0054840640924
149.87437494865048 182.75516791765648
1.0317424013175647 0.8649114442115237
0.685652135230078 0.9511028977965935
91.58711994038921 22.733976817050134
0.4531874154201051 0.47681585570668583
1295.7151006917736 1210.9888689437014
2.8508658662069264 0.5491573088684697
560.2487773312924 566.5594941438998
2.6213466336737206 0.858713323954531
219.60937672117893 305.09784208058164
71.74921458610969 101.76525098989828
0.7977154700636515 0.9902979340044963
0.10300037675428952 0.5206101152617462
0.8880714313621186 1.2603326570669466
1.857108724856419 1.8942620008808178
