30.338700772353384 65.52634150412341
328.8808217033405 218.2842100844005
121.61695171434528 42.736363585551295
196.65684295912712 78.28998548564569
63.33137167772344 48.901367398493285
50.91543393837676 35.531659216141854
1.737701006853641 0.731060000481392
1.2269921073875167 0.9444231481901205
122.49458808640986 68.17003380583057
0.7080812871261364 0.20736987183865666
392.06999061206477 180.5475157918013
2.2659388784446515 0.8238254758853648
116.70054441597928 97.83859194589556
2.5569372563471786 0.7393675900633859
58.58571940236161 36.47497651794942
90.61979157247978 76.4651962443301
1.5779718396526656 0.8080722786287114
0.04428651198088575 0.5268797896088928
1.7273482693138515 1.3484847438056395
0.6494775548408239 1.0002759060723005
