2629.07215730804 1730.4948887900598
10.04229487062722 42.0540625198276
207.58927154119974 275.01180535899016
78.08895091908106 20.92684177070241
173.57023603103002 52.66457054873962
56.012028003163216 162.53238443408594
185.23955546093418 237.09422746573654
0.7540467686500071 0.7856084393803089
0.5513877772036959 0.8678849277907204
135.31029212836248 33.695525021382046
0.3934694405603724 0.4526266646709784
1746.3423943138728 1640.8641255833763
2.812014974569224 0.5976824978814813
783.1076406250031 781.0261238065308
2.245004439367221 0.9603787557738891
245.4338093591947 321.8582262530402
58.96203268484062 83.58387261497386
0.7208177330811883 0.962854024414814
0.12429342409786456 0.48492310800829097
0.8038175626941305 1.23483201591854
1.6713476343048623 1.8782205639187453
