28.82940277406651 65.72284841100745
240.62298238743068 145.2332452838105
122.3877270765288 37.803700044823486
194.4354940301864 73.51176891002011
73.12051701752591 47.841161162740434
44.903350941422964 27.872728550833482
1.8810342589087363 0.6539936474710732
1.4514606306180977 0.9211326441815813
122.92915028315939 58.92082548348964
0.8343313247014768 0.3418910230241069
349.6291028733535 119.26471153614396
2.1630903364122878 0.8299038437064504
93.31673753371905 63.69209276607525
2.5019505399163195 0.7042663316183986
56.86422184126126 30.589418893618504
91.95872051610112 51.68844794322342
1.5922217401123142 0.7897287143113395
0.015808295460445636 0.5437043868004583
1.6129186621078329 1.3511823719430722
0.668645459336762 1.0268292508027468
