27.72016059658836 63.81067918335871
248.48411926113437 152.26384514707408
122.3341395983034 37.29985202542641
195.49385790717398 73.15039203667659
71.25385167795115 48.65555699601546
45.87664091580438 28.876408373330836
1.8603185660922061 0.6598488997684882
1.4129679399253245 0.9312843270230866
120.77344087201816 56.68736629531567
0.7850211967655961 0.2507349766712513
355.85837242329785 126.93121417876334
2.2025904007088917 0.8291841637628159
98.27391494885109 69.80730550671622
2.5197640747205217 0.7044468244156257
57.21326630957275 31.378362872572406
94.65775361465325 55.30001384870163
1.5922358172593722 0.7932542006894107
0.020220118477617052 0.5393079807048393
1.5582462217316615 1.3591097105243968
0.7081969007605671 1.042735491361008
