58.292759188087444 47.25580260084486
76.08915374547121 204.90640772635695
108.03401879830089 110.91404145306001
82.73325604149306 73.96716673334447
434.03429059899827 195.72544791888166
205.25673265649993 63.778867955547696
122.71328879319853 23.504820587681923
0.1481234232234443 0.4596908787355743
2.1759627411826576 0.9005302236262179
1.7562514369312043 0.6730920076318434
53.53822504370527 38.216972498429485
127.19105645147187 69.15979971538363
2.26389545831927 0.8270372337998971
0.6483125367456632 0.9463633116229655
1.6905183886889774 1.356608220667818
