41.95358893986283 100.70925540164211
123.83499282340588 24.09163610470888
57.40854334325205 43.1351645607929
827.8761025037929 666.0485867281484
57.12108925570769 47.78947226930595
210.03675752081114 65.45545031513552
120.26672195239513 49.826555750349954
432.47061358053725 197.05485668528533
1.7011479935589544 0.7006663292350466
461.05222221049735 223.9950099432426
1.0271487166640358 0.8794526080275767
0.7262857231875552 0.20331136815428966
73.81715315925446 61.466541687662684
0.6231646605618055 0.9885967980481954
1.7764160024632958 1.3411727522446955
0.665758721104611 1.089633839519845
