1927.108867856008 1046.2155997051937
85.39373309827538 215.20996373867413
338.6669166081529 189.76824303174186
108.0433482856341 35.10594229783586
180.82822274905502 68.02930892898955
66.62179504785547 47.27775580149699
46.73919440055646 31.375219932521787
1.6758858787579154 0.6720157652639267
1.3979767970869523 0.9505011691913238
105.7593369139528 44.10120914606702
0.8601369716077871 0.30637253749296317
342.5433100201479 141.0679731415534
2.254118067514547 0.8131070086445361
101.48725427463907 75.23067896882974
2.4382589484347474 0.7680935356924989
56.142122930939315 32.83916136075418
92.21583696342847 57.50015883343071
1.5831189482900287 0.804552859818129
0.05549251301484846 0.5273213377725591
1.4067706205456443 1.3630203158457859
0.8331396965363839 1.0882360691952866
