36.76586914327729 102.76782049387579
326.2093887852072 146.8103605689396
134.54815987185668 35.65397475879839
198.04351551244622 90.03427647155081
62.17469198127852 49.92793251884482
50.253374945089966 31.11751999849849
2.2040824817196394 0.6958304827145632
1.164374794835002 0.9251456195404391
85.21662800381442 31.159640330821603
0.8017835004139248 0.251609066987882
332.90790155182265 126.05082136365503
2.331108291952206 0.8060949716393958
93.33586217471927 69.70186926454988
2.826909362313569 0.5900908038848655
58.34437988404545 35.241471336231044
78.2771687606763 46.975496731926626
1.5582419940146144 0.8146356071659004
0.020999807256277717 0.5390578862598845
1.4437964086361892 1.328057836578476
3.459063913301431 0.8899951137543284
