801.7648817933017 616.985316892012
0.6330980881309164 0.3427887239088495
64.03637932237542 48.303548104895434
444.98358482515255 207.5758377275312
494.093431556403 229.8564719142323
115.82203141281086 16.193241198193704
1.0388073085209335 0.9109116928279478
15.06709287917904 19.411107128709595
0.26118355143190364 0.32170978405052997
2.709331856165971 0.650718769395927
0.5359893411721983 0.3237432405634315
193.01935998850698 83.82549180250474
109.9512707457354 78.61279019775297
1.4897967381002466 0.6603258009720824
