29.337085839619178 86.07967252734757
277.6796076985465 178.1494780860295
107.052180096465 36.50271242880888
169.56094329807078 77.74543234837532
53.986402456232035 46.193071686358664
48.17849552379642 34.34813486003141
1.902644540651347 0.7791597889608118
1.112141350783949 0.9330768471261026
103.71031988214916 44.538040131266165
0.8352665371615912 0.31045895261202977
347.18283059112673 169.85777749653727
2.3751317076212515 0.7897701076908237
102.97017476153928 89.10999367363095
2.6984977215635064 0.6791656569448212
54.826566261208484 39.67599446648035
88.83962893115671 62.66857463623638
1.5499534016677827 0.8315319642136694
0.07039424121457966 0.5234876559210199
1.4170187340682585 1.3228335419487953
3.433192277447808 0.9202030240551496
