45.058704157582724 98.84658460281769
340.1589346147092 147.79090585551108
128.87445162253644 48.13053805039233
197.47379445698556 82.54296747711278
69.01447111875328 48.87823732149123
46.65125377465968 29.172031248887986
1.889433499747849 0.7128358896177945
1.3515587974898617 0.9330092801065043
94.72625974867866 34.17539754863521
0.7793313873328075 0.2379018745071521
339.20767647253166 120.07795991952243
2.231066461247577 0.8193768636472255
94.76635026597916 65.79357499226582
2.5550048376878416 0.7349581350380204
57.44873796498501 31.80960238269569
84.63833296838764 49.54743738927913
1.584224459996363 0.7955999818118794
0.02340130199169033 0.5366755857427601
1.4040899707509982 1.361873739392354
0.8322675848499754 1.0868097459502994
