57.36501067581054 41.612227712815624
115.46303828113277 16.559173374616677
16.311299590018738 19.986999132624266
52.89400707044343 45.48885447437302
203.61199602754326 55.90578896854955
70.91784852579062 60.25969982905078
2.6912719852609523 0.6429169270135089
3.661585396507753 0.7189956874880223
106.37872429463476 21.442715901034017
-0.5967334079497078 0.46947248850725454
1.060313576567658 0.897858879981358
68.25418200437245 59.966217875255545
75.89260188046667 56.08488962363799
0.18945951280423495 0.48963587801957137
0.6697632933219662 0.9607898089763208
0.6433120324986524 1.0742720522814526
