85.82702533431691 215.20817286209652
329.2005248569356 175.43049946197954
108.45695609842934 35.233682525275746
180.5853055767501 68.45237130140539
67.26146584085478 47.017894456071595
45.75082393449951 29.54754828701727
1.6973288235232091 0.661786816629524
1.4166107162925117 0.9449237689207304
106.47628909574527 44.87511735897132
0.7799566537520499 0.24614458333218692
335.76876778335287 126.03628402922217
2.2426275032893765 0.8130761733749001
97.78205583087272 69.4005908214809
2.4345085553518397 0.7674234829309363
55.30674460943258 31.18274740085004
89.95020837017482 53.530153397446874
1.583110024471686 0.8027577674215863
0.05199406391300553 0.5277422736793123
1.4076323188104645 1.3634146026024234
0.8344775935805723 1.0880886434468684
