2090.667480871503 1281.336204848579
81.30809995755945 200.86893465605948
325.9403280881787 174.25883429288498
108.09339577362175 35.73698295105812
180.0994187860218 68.38710821499421
69.83948502013627 47.12058427363131
45.08735629762889 28.92213739440436
1.696085519350171 0.6614312492241969
1.4621338347584159 0.9388926501349387
106.38470657625838 44.359708597416244
0.8652888882092322 0.30903229937979837
332.3956753549663 123.04847335227161
2.227229266901908 0.8138365916577641
96.5629951271864 67.811794908844
2.400705218730141 0.7697149589306911
55.60513218809412 30.76605215718838
89.05714080709824 52.00644540821975
1.5843890915560794 0.8018432566833944
0.05162362711279568 0.5312056862872443
1.4926356995401868 1.3640802965796173
0.7577436804185256 1.0676832354551862
