439.6305426850506 194.65299240080878
55.35775787914147 46.05233780143522
16.407464367274052 19.727500928227215
106.47206057581859 21.50914511724114
80.75902481004292 66.49708447517133
386.2331384933478 173.59259530370488
115.52031295546367 16.6433284294248
55.67171998221863 40.31283785120889
183.79437605164384 74.48996459758932
302.73411634209936 136.43236351318416
1.0551552412758776 0.8948591322751899
116.03448175779775 94.42384199214287
180.07426771535705 79.67920741381715
1.2333822438871538 0.9489984702012204
0.6084470470847537 0.9320043090204995
