1926.3751826350683 1045.9383205153106
84.38879563079497 213.25561101483467
339.1934090136253 190.37049816752565
108.00472538409306 35.07268201571484
180.80367242786681 68.05705484272123
66.65280014073493 47.256091977578
46.70604007188792 31.311461459651603
1.6757872040654302 0.6716927756613763
1.3982651857159012 0.9504865530011875
106.6144944249267 44.58360822276654
0.7823804059627053 0.24526057606707505
344.12303740407594 142.20394246793364
2.2582463567454485 0.8125081475723203
101.87201057071444 75.77316990131074
2.437368126665658 0.7684590859178315
56.113171496111896 32.78643220097436
92.76839264701502 58.01498164149795
1.5828622680724236 0.8046373453356093
0.05497998875870105 0.5273511887370965
1.4167499863400677 1.3626555202253678
0.826177184577972 1.0845767548909135
