25.596138623132543 69.80413085935609
348.40108818339417 149.34610128792372
85.80842427038029 25.53563401424902
150.05474770235784 59.398352646988606
54.39067850083693 44.48379516496848
44.9469891472357 29.899766576832885
1.613669934718528 0.7138992844191672
1.1681882284927918 0.9480381969224924
126.21590441498212 41.006039394167786
0.8455596611443637 0.2949756252390835
344.8361488319293 153.02508353533494
2.3222192648537994 0.8033188103973941
109.55064630788097 88.37270915979423
2.482270205100272 0.7733302918377318
50.19359662194681 33.53348861541685
97.41372149041977 54.45286082617711
1.5449093638061637 0.82471935595209
0.1042872515343875 0.5114009945775316
1.6750009976213238 1.3132995725513361
3.5536399298368586 0.8715294154744713
